98.8
98.7
98.8
98.8
98.5
98.7
98.6
98.5
98.9
98.6
98.8
98.6
98.5
98.9
98.8
98.7
98.6
98.5
98.9
98.5
98.8
98.8
98.9
98.5
98.9
98.5
98.6
98.9
98.6
98.5
98.6
98.8
98.5
98.6
98.6
98.9
98.5
98.9
98.5
98.7
98.6
98.5
98.7
98.9
98.6
98.8
98.9
98.7
98.6
98.5
98.9
98.9
98.9
98.5
98.5
98.7
98.8
98.8
98.6
98.6
98.7
98.9
98.9
98.6
98.5
98.8
98.5
98.9
98.8
98.5
98.8
98.9
98.9
98.7
98.6
98.6
98.7
98.5
98.6
98.6
98.9
98.5
98.8
98.8
98.9
98.5
98.6
98.6
98.6
98.5
98.9
98.5
98.5
98.7
98.7
98.8
98.9
98.5
98.5
98.7
98.8
98.7
98.6
98.7
98.9
98.9
98.6
98.8
98.5
98.9
98.5
98.7
98.7
98.7
98.5
98.6
98.8
98.9
98.7
98.7
98.9
98.9
98.6
98.6
98.9
98.8
98.7
98.7
98.6
98.5
98.8
98.7
98.7
98.5
98.7
98.6
98.8
98.5
98.5
98.7
98.5
98.8
98.9
98.5
98.9
98.9
98.7
98.8
98.9
98.8
98.7
98.5
98.6
98.6
98.6
98.7
98.8
98.7
98.5
98.9
98.5
98.6
98.5
98.9
98.8
98.5
98.9
98.5
98.9
98.5
98.9
98.6
98.9
98.7
98.8
98.7
98.6
98.7
98.8
98.8
98.5
98.5
98.8
98.9
98.7
98.7
98.5
98.7
98.7
98.7
98.8
98.9
98.9
98.8
98.9
98.9
98.8
98.6
98.7
98.6
98.9
98.8
98.9
98.7
98.7
98.8
98.5
98.9
98.9
98.5
98.5
98.9
98.9
98.9
98.8
98.5
98.8
98.6
98.5
98.5
98.6
98.5
98.6
98.6
98.5
98.9
98.6
98.9
98.5
98.9
98.5
98.8
98.9
98.7
98.6
98.6
98.8
98.6
98.5
98.5
98.6
98.7
98.8
98.9
98.5
98.8
98.5
98.8
98.6
98.8
98.6
98.6
98.5
98.6
98.9
98.8
98.9
98.7
98.6
98.5
98.5
98.5
98.7
98.8
98.9
98.5
98.6
98.9
98.5
98.5
98.5
98.8
98.6
98.5
98.8
98.8
98.9
98.5
98.8
98.7
98.6
98.8
98.7
98.5
98.5
98.9
98.7
98.8
98.7
98.5
98.5
98.7
98.8
98.8
98.7
98.8
98.7
98.8
98.6
98.7
102.8
102.7
99.5
99.1
99.1
99.7
104.2
105.2
106.3
101.2
100.7
106.8
109.6
99.1
103.9
104.5
104.3
99.2
101.1
109.1
102.2
108.5
107.3
106.6
103.7
106.7
109.4
108.1
98.6
101.6
104.8
104.9
101.9
106.9
101.8
108.9
108.9
104.9
98.7
109.6
103.4
99.8
101.4
108.4
109.4
106.8
98.3
98.1
101.8
104.3
104.4
101.4
109.4
98.6
109.6
103.5
109.5
101.4
105.3
102.6
101.2
106.9
101.4
102.7
101.2
102.4
109.8
106.6
98.6
105.4
103.9
108.1
107.8
106.8
99.5
100.8
100.7
103.7
100.2
101.9
105.5
102.1
107.3
98.8
106.2
106.7
109.4
103.9
101.6
98.9
104.2
102.6
100.5
100.3
108.7
104.5
100.4
108.1
102.5
109.3
104.7
98.6
104.7
107.5
108.6
103.4
106.8
102.6
100.7
100.5
101.7
100.5
99.5
105.5
101.6
109.2
102.2
99.6
101.3
102.8
104.7
100.4
105.8
106.7
106.9
101.9
101.1
100.7
104.7
109.6
105.4
100.3
102.3
102.4
98.5
105.2
99.8
108.4
108.1
99.3
105.9
107.6
105.8
104.7
100.8
107.4
105.6
101.8
98.1
109.2
98.7
107.3
108.5
105.2
99.9
108.6
105.2
99.2
102.5
109.6
106.2
99.6
98.4
105.4
106.5
103.8
104.4
98.5
103.8
99.8
105.6
105.2
100.2
100.9
100.2
102.7
100.9
105.7
99.9
101.8
101.7
108.7
102.5
102.1
108.3
108.7
104.4
106.7
103.7
98.7
106.2
108.8
109.6
109.6
99.9
104.8
106.5
98.7
108.4
106.6
