97.4
97.5
97.6
97.6
97.5
98.6
97.6
97.6
97.5
98.6
98.5
98.6
98.6
98.4
98.6
97.6
98.6
98.5
98.4
98.4
97.5
98.6
98.6
97.6
97.6
98.5
97.6
97.6
97.4
97.5
98.5
98.5
97.6
98.5
98.5
97.5
97.6
98.6
98.5
97.5
98.4
97.6
97.5
97.5
98.6
98.6
97.6
98.6
97.4
98.5
97.4
97.6
97.4
98.4
98.5
98.5
97.6
97.6
97.5
97.4
97.4
97.4
97.4
98.6
98.5
97.4
97.6
97.6
97.4
98.4
98.4
98.5
97.5
98.4
98.6
98.6
98.4
98.6
98.5
97.6
98.6
98.6
97.4
98.4
98.6
97.5
98.5
97.6
97.5
97.5
98.6
98.6
98.4
98.4
98.6
98.6
98.6
98.5
97.6
97.6
98.5
98.5
98.5
98.5
97.4
98.5
97.5
98.5
97.4
97.5
97.5
98.6
98.6
97.6
97.6
98.6
97.5
98.5
98.5
98.6
102.6
104.6
99.2
98.1
97.6
106.5
102.6
104.7
103.5
96.7
100.7
102.1
98.6
96.9
101.7
99.2
98.5
96.3
105.6
100.5
97.1
106.5
102.1
99.6
103.3
99.7
98.7
103.1
99.3
105.3
102.6
104.6
96.2
99.9
105.3
96.2
99.8
104.1
98.5
105.8
100.6
97.7
102.1
105.6
101.7
103.4
105.2
104.9
98.5
103.7
101.6
98.8
104.3
101.5
101.6
104.6
102.2
96.4
97.7
102.2
102.7
105.1
102.9
105.6
97.9
103.4
97.9
106.1
97.8
102.9
105.5
106.9
104.6
103.8
102.8
97.8
97.9
96.5
97.8
99.7
104.3
106.8
97.4
99.1
105.2
99.9
96.3
104.9
106.7
100.1
97.8
104.8
96.7
100.6
103.3
99.5
104.7
105.3
106.4
105.2
98.4
100.7
100.1
101.7
106.5
102.5
96.5
103.3
100.9
101.3
101.7
99.2
105.1
106.6
99.1
103.3
96.8
97.5
103.3
102.5
99.1
106.7
102.4
104.8
97.2
98.8
104.3
106.7
98.3
105.1
101.5
106.2
97.4
101.5
100.4
104.4
99.1
101.7
103.2
97.1
101.7
99.3
100.2
106.9
99.8
96.6
102.2
100.8
99.9
100.6
96.6
104.7
103.6
103.5
96.9
106.5
102.3
100.7
100.4
103.7
100.2
101.9
102.4
102.3
104.7
104.1
97.8
104.2
96.5
102.2
103.8
99.4
98.9
96.4
101.9
105.9
106.4
105.3
96.9
105.4
101.3
106.2
98.4
102.1
96.1
104.9
101.8
102.2
105.3
96.5
100.1
99.2
102.2
100.9
102.8
98.1
97.2
105.5
99.8
97.3
103.1
96.4
106.8
106.5
104.3
103.7
101.5
104.2
102.5
96.7
103.2
97.7
102.9
96.5
105.2
96.3
102.6
101.7
96.3
97.6
103.4
97.7
101.8
105.5
96.5
103.2
102.1
106.4
98.6
99.9
101.8
100.8
99.5
101.9
98.1
106.8
103.5
105.2
102.9
96.9
104.7
102.9
106.3
105.3
106.4
100.2
106.5
97.5
97.4
102.1
98.6
104.3
104.3
97.2
101.6
97.6
98.3
99.3
96.5
97.5
102.4
104.4
99.4
96.9
97.5
104.4
100.2
104.5
96.5
103.8
99.9
106.4
98.8
106.4
106.6
97.4
102.3
100.9
99.5
103.6
97.7
101.9
106.1
106.8
97.1
98.8
105.1
103.8
103.8
106.5
101.8
103.9
102.5
101.7
99.8
104.2
100.5
105.3
100.2
99.5
99.5
100.2
102.5
97.6
104.7
96.5
97.1
96.5
106.6
99.3
102.7
103.8
104.7
97.5
99.7
98.2
96.7
102.6
106.6
98.9
96.7
97.4
97.5
102.2
103.3
98.7
103.4
100.9
105.5
104.4
101.7
102.4
102.4
104.6
96.7
101.3
97.9
102.6
100.5
106.2
105.4
103.1
97.4
98.2
102.6
97.2
102.8
104.1
106.8
105.9
99.7
97.3
106.4
102.4
99.6
104.3
103.4
101.1
98.8
103.8
105.6
100.9
98.1
98.6
101.6
102.6
96.1
105.8
101.4
100.5
102.5
102.8
98.5
106.7
104.2
106.9
104.9
105.5
101.2
99.3
102.8
98.7
102.9
96.4
97.5
105.4
96.4
106.2
105.1
103.3
103.4
99.2
102.9
105.9
105.1
99.5
105.5
97.6
103.1
98.3
102.8
105.5
103.4
103.6
99.4
104.1
103.8
96.6
96.9
102.5
105.8
101.9
106.8
106.6
98.7
96.5
106.9
96.9
97.1
97.5
105.1
96.1
97.1
106.2
101.5
100.1
96.7
102.9
105.7
103.7
99.2
97.9
98.8
105.5
98.4
100.9
98.2
98.6
99.8
99.6
104.4
103.9
99.5
97.2
97.2
98.7
106.1
98.7
100.1
99.2
97.2
105.8
99.1
105.7
96.9
100.3
103.8
98.9
101.1
103.3
103.4
105.9
99.9
106.4
100.1
99.4
103.6
102.4
100.5
101.1
103.9
98.6
99.4
104.7
97.5
101.8
102.6
100.3
96.4
106.3
