97.6
97.6
98.5
98.6
97.4
98.6
97.5
98.5
98.5
97.4
97.5
97.5
97.4
98.6
97.4
98.4
98.4
98.5
97.5
98.4
98.5
97.6
98.6
97.6
98.5
98.6
98.5
98.6
98.5
98.4
98.6
97.5
98.5
98.6
97.4
97.6
97.5
98.5
97.6
97.5
98.4
97.5
97.6
97.6
98.6
97.6
97.4
97.5
98.5
97.6
97.6
98.4
98.5
97.5
98.6
97.5
97.6
98.4
98.5
97.4
98.5
98.5
97.4
98.4
98.5
98.4
97.6
97.4
98.4
98.5
98.4
98.6
98.5
97.5
97.6
98.5
98.4
97.4
98.5
98.5
98.4
98.4
98.6
97.5
98.5
97.6
98.6
98.6
98.4
98.5
97.8
106.4
104.1
99.4
105.3
104.8
100.6
102.1
104.3
96.6
106.2
97.8
98.4
106.6
102.6
99.1
99.5
101.8
105.1
104.7
99.5
96.7
97.9
104.9
102.5
103.8
103.6
97.8
99.4
104.3
105.3
100.1
97.5
96.6
103.4
104.6
102.8
106.1
105.7
104.5
98.2
105.9
96.8
106.9
98.8
106.6
106.5
105.5
99.9
103.8
106.1
99.3
96.7
96.1
101.9
96.9
103.5
101.9
103.4
106.3
98.1
100.3
98.4
96.1
101.6
106.7
105.7
101.6
105.4
101.3
97.1
97.8
101.5
97.2
97.1
97.8
99.3
97.7
100.1
104.4
105.2
100.3
103.8
104.3
104.5
102.7
96.2
98.9
104.9
100.8
96.4
104.4
96.3
105.2
100.8
97.3
100.3
97.8
106.4
105.9
103.6
101.1
100.9
97.4
100.7
105.6
104.6
106.7
104.3
101.9
104.3
106.4
98.8
106.8
98.6
99.7
101.2
100.4
103.7
104.3
103.7
104.8
103.3
97.4
99.7
99.8
100.6
97.2
105.8
100.8
106.3
98.8
103.2
102.2
103.6
98.4
104.5
96.4
101.9
103.5
98.9
96.5
100.3
104.9
103.5
100.6
100.8
106.2
97.6
104.8
102.3
96.9
101.8
103.3
103.3
104.6
106.9
104.2
106.5
98.7
96.4
100.5
100.5
105.6
100.3
100.2
102.9
96.6
97.4
99.9
99.1
106.6
100.5
99.4
96.7
104.9
104.8
99.7
101.9
99.1
100.3
99.8
101.9
98.4
98.8
100.2
103.5
98.7
98.5
103.9
100.9
98.7
104.7
98.6
102.3
98.7
102.7
100.6
101.8
105.3
104.6
106.4
103.2
105.9
99.4
101.6
103.4
99.5
104.6
106.8
106.8
97.2
103.5
102.7
103.2
98.1
104.6
103.7
97.4
100.9
102.2
97.8
100.9
105.5
97.4
102.4
101.6
97.4
103.1
100.5
106.7
97.6
100.3
104.4
106.3
97.2
106.3
97.7
106.6
102.2
97.8
105.1
97.9
100.3
100.9
100.4
104.2
99.1
100.2
101.7
98.8
103.6
106.5
106.7
101.4
103.8
103.5
99.3
98.8
101.8
98.9
97.4
100.3
97.8
98.3
105.3
105.3
106.7
106.7
101.5
99.1
98.4
103.4
103.4
103.3
98.5
106.9
96.7
96.4
96.7
99.2
99.1
106.6
101.6
96.9
97.1
101.1
98.9
96.2
102.6
103.7
97.9
97.6
102.4
103.5
97.2
106.8
100.7
104.2
99.6
99.5
99.1
100.6
97.3
100.8
98.7
106.2
98.4
96.8
103.4
